
CASCADE Topology V1, (c) Matra-Datavision
Locations 19
1
1.000000000000000 0.000000000000000 0.000000000000000 30.000000000000000 
0.000000000000000 1.000000000000000 0.000000000000000 0.000000000000000 
0.000000000000000 0.000000000000000 1.000000000000000 12.000000000000000 
1
1.000000000000000 0.000000000000000 0.000000000000000 0.000000000000000 
0.000000000000000 1.000000000000000 0.000000000000000 0.000000000000000 
0.000000000000000 0.000000000000000 1.000000000000000 0.000000000000000 
1
1.000000000000000 0.000000000000000 0.000000000000000 0.000000000000000 
0.000000000000000 1.000000000000000 0.000000000000000 0.000000000000000 
0.000000000000000 0.000000000000000 1.000000000000000 1.865302112712869 
2  2 1 3 1 0
1
-0.000000000000000 1.000000000000000 0.000000000000000 0.000000000000000 
-1.000000000000000 0.000000000000000 0.000000000000000 0.000000000000000 
0.000000000000000 0.000000000000000 1.000000000000000 0.000000000000000 
2  5 1 3 1 0
1
-1.000000000000000 0.000000000000000 0.000000000000000 0.000000000000000 
0.000000000000000 -1.000000000000000 0.000000000000000 0.000000000000000 
0.000000000000000 0.000000000000000 1.000000000000000 0.000000000000000 
2  7 1 3 1 0
1
0.000000000000000 -1.000000000000000 0.000000000000000 0.000000000000000 
1.000000000000000 0.000000000000000 0.000000000000000 0.000000000000000 
0.000000000000000 0.000000000000000 1.000000000000000 0.000000000000000 
2  9 1 3 1 0
2  3 -1 2 -1 0
2  2 -1 0
2  3 -1 0
2  3 -1 5 -1 0
2  5 -1 0
2  3 -1 7 -1 0
2  7 -1 0
2  3 -1 9 -1 0
2  9 -1 0
Curve2ds 117
7 0 0  6 7 2  5.99929615465572130 -1.36735761283437030  6.03926524692144451 -1.37341869761113777  6.08207060400690125 -1.37909571738696002  6.12786606942302114 -1.38433714978339140  6.17674315642068450 -1.38908479038848043  6.22862610025891339 -1.39327483812034125  6.28318530717958534 -1.39685045538135544 
 1.44841319507749899 7 1.50906558262049728 7
2 0.33932574683560102 3.59998629013846605 -1.00000000000000000 -0.00000000000000001 0.00000000000000001 -1.00000000000000000 3.99531131232129910
7 0 0  8 16 3  5.68136985072679757 -1.14114305765768531  5.69265638375113880 -1.15814889444121105  5.70491720131857072 -1.17509766272512239  5.71830334977900634 -1.19198028271129175  5.73300107850946006 -1.20878554172259101  5.74924798171684870 -1.22549891377266107  5.76734978021583444 -1.24210159586752011  5.78771756073819432 -1.25856794438929676  5.83417301992218817 -1.29115104543544401  5.86026025997489342 -1.30726780486065763  5.88980547821847722 -1.32317116253670974  5.92357016003006720 -1.33881003704482282  5.96264073588463361 -1.35411248213222279  6.00837684292309859 -1.36897809013066762  6.06296995189715116 -1.38325011692038213  6.12912603197900019 -1.39666390433713894 
 1.15576533663383674 9 1.29694501346828672 7 1.43812469030273671 9
2 2.05439747694131958 3.57730545452604609 -1.00000000000000000 -0.00000000000000000 0.00000000000000000 -1.00000000000000000 3.99916160471039861
1 6.28318530717958978 -1.22653652744618702 -1.00000000000000000 0.00000000000000000 
1 6.28318530717958623 0.75424525972125989 -1.00000000000000000 0.00000000000000000 
7 0 0  8 16 3  4.86644825558528193 -1.39666390433713961  4.93260433566713008 -1.38325011692038258  4.98719744462914605 -1.36897809013089500  5.03293355169626011 -1.35411248213176805  5.07200412747988594 -1.33881003704573232  5.10576880936059752 -1.32317116253761924  5.13531402758417244 -1.30726780486065763  5.16140126764209128 -1.29115104543544446  5.20785672682608514 -1.25856794438929720  5.22822450734794497 -1.24210159586739244  5.24632630584903836 -1.22549891377302345  5.26257320905597226 -1.20878554172253416  5.27727093778520384 -1.19198028271083700  5.29065708624640152 -1.17509766272520766  5.30291790381313888 -1.15814889444121105  5.31420443683747923 -1.14114305765768531 
 1.70346796328705663 9 1.84464764012150662 7 1.98582731695595682 9
2 -2.05439747694131913 3.57730545452604520 -1.00000000000000000 0.00000000000000002 -0.00000000000000002 -1.00000000000000000 3.99916160471039905
7 0 0  7 8 2  4.60903879330353305 -1.40250486415577535  4.67421222217879606 -1.39960967736641217  4.73678330623533839 -1.39588922085579270  4.79604920261272127 -1.39140302209330002  4.85160891475197786 -1.38622944861356245  4.90341399839053338 -1.38044965288190724  4.95157085463111635 -1.37413721648352638  4.99627813290855904 -1.36735761283437118 
 1.61402987441890855 8 1.69317945851229457 8
2 -0.33932574683560335 3.59998629013846561 -1.00000000000000000 0.00000000000000001 -0.00000000000000001 -1.00000000000000000 3.99531131232129910
7 0 0  7 8 2  4.42849982786082830 -1.36735761283437163  4.47320710613827099 -1.37413721648352682  4.52136396237710869 -1.38044965288213461  4.57316904602248542 -1.38622944861310771  4.62872875815401130 -1.39140302209364108  4.68799465453525954 -1.39588922085545164  4.75056573859059483 -1.39960967736641217  4.81573916746585784 -1.40250486415577513 
 1.44841319507750033 8 1.52756277917088656 8
2 0.33932574683559580 3.59998629013846561 -1.00000000000000000 -0.00000000000000001 0.00000000000000001 -1.00000000000000000 3.99531131232129910
7 0 0  8 16 3  4.11057352393190367 -1.14114305765768642  4.12186005695624402 -1.15814889444121194  4.13412087452261279 -1.17509766272529315  4.14750702298347562 -1.19198028271095069  4.16220475171371618 -1.20878554172259101  4.17845165492101955 -1.22549891377302345  4.19655345342098496 -1.24210159586739266  4.21692123394329865 -1.25856794438929809  4.26337669312729250 -1.29115104543544534  4.28946393318256014 -1.30726780486065763  4.31900915140431607 -1.32317116254080247  4.35277383324500988 -1.33881003704664181  4.39184440906683449 -1.35411248213767976  4.43758051613440330 -1.36897809013044025  4.49217362510225815 -1.38325011692038324  4.55832970518410718 -1.39666390433714005 
 1.15576533663383807 9 1.29694501346828805 7 1.43812469030273804 9
2 2.05439747694131380 3.57730545452604609 -1.00000000000000000 0.00000000000000001 -0.00000000000000001 -1.00000000000000000 3.99916160471039861
1 6.28318530717958978 -1.22653652744618702 -1.00000000000000000 0.00000000000000000 
1 6.28318530717958623 0.75424525972125989 -1.00000000000000000 0.00000000000000000 
7 0 0  8 16 3  3.29565192879038094 -1.39666390433714072  3.36180800887223041 -1.38325011692038369  3.41640111783362954 -1.36897809012907601  3.46213722490574582 -1.35411248213722502  3.50120780069119064 -1.33881003704391333  3.53497248257190222 -1.32317116253852873  3.56451770078956542 -1.30726780485952077  3.59060494084719339 -1.29115104543544579  3.63706040003118769 -1.25856794438929853  3.65742818055283925 -1.24210159586739288  3.67552997905393397 -1.22549891377295239  3.69177688226068312 -1.20878554172264785  3.70647461099019893 -1.19198028271105017  3.71986075945206363 -1.17509766272520810  3.73212157701824143 -1.15814889444121261  3.74340811004258311 -1.14114305765768687 
 1.70346796328705530 9 1.84464764012150484 7 1.98582731695595505 9
2 -2.05439747694131380 3.57730545452604520 -1.00000000000000000 0.00000000000000001 -0.00000000000000001 -1.00000000000000000 3.99916160471039905
7 0 0  7 8 2  3.03824246650862984 -1.40250486415577624  3.10341589538389329 -1.39960967736641306  3.16598697943948082 -1.39588922085596323  3.22525287581993325 -1.39140302209284528  3.28081258795282338 -1.38622944861390351  3.33261767159694955 -1.38044965288173671  3.38077452783621579 -1.37413721648352749  3.42548180611365893 -1.36735761283437229 
 1.61402987441890722 8 1.69317945851229323 8
2 -0.33932574683559813 3.59998629013846516 -1.00000000000000000 0.00000000000000000 -0.00000000000000000 -1.00000000000000000 3.99531131232129955
7 0 0  7 8 2  2.85770350106592641 -1.36735761283437229  2.90241077934336955 -1.37413721648352749  2.95056763558295643 -1.38044965288207777  3.00237271922560467 -1.38622944861322139  3.05793243136167803 -1.39140302209364108  3.11719832773962935 -1.39588922085567901  3.17976941179569339 -1.39960967736641306  3.24494284067095684 -1.40250486415577624 
 1.44841319507749988 8 1.52756277917088612 8
2 0.33932574683559813 3.59998629013846516 -1.00000000000000000 -0.00000000000000001 0.00000000000000001 -1.00000000000000000 3.99531131232129955
7 0 0  8 16 3  2.53977719713700312 -1.14114305765768709  2.55106373016134480 -1.15814889444121283  2.56332454772793294 -1.17509766272533600  2.57671069618915283 -1.19198028271090095  2.59140842491888179 -1.20878554172253416  2.60765532812584411 -1.22549891377298081  2.62575712662630423 -1.24210159586730740  2.64612490714839899 -1.25856794438929875  2.69258036633239284 -1.29115104543544601  2.71866760638522464 -1.30726780485997551  2.74821282461925875 -1.32317116253580025  2.78197750646359054 -1.33881003704391333  2.82104808227813919 -1.35411248213586077  2.86678418933934154 -1.36897809012907601  2.92137729830735582 -1.38325011692038413  2.98753337838920530 -1.39666390433714094 
 1.15576533663383829 9 1.29694501346828828 7 1.43812469030273804 9
2 2.05439747694131425 3.57730545452604520 -1.00000000000000000 -0.00000000000000001 0.00000000000000001 -1.00000000000000000 3.99916160471039905
1 6.28318530717958978 -1.22653652744618702 -1.00000000000000000 0.00000000000000000 
1 6.28318530717958623 0.75424525972125989 -1.00000000000000000 0.00000000000000000 
7 0 0  8 16 3  1.72485560199547727 -1.39666390433714005  1.79101168207732675 -1.38325011692038324  1.84560479104357000 -1.36897809013021288  1.89134089810158912 -1.35411248213267754  1.93041147391704726 -1.33881003704664181  1.96417615576410753 -1.32317116253216227  1.99372137399609528 -1.30726780486065763  2.01980861405229151 -1.29115104543544557  2.06626407323628669 -1.25856794438929809  2.08663185375871318 -1.24210159586747793  2.10473365225875142 -1.22549891377327924  2.12098055546630349 -1.20878554172310260  2.13567828419634509 -1.19198028271129175  2.14906443265661595 -1.17509766272512284  2.16132525022334132 -1.15814889444121216  2.17261178324768300 -1.14114305765768642 
 1.70346796328705508 9 1.84464764012150373 7 1.98582731695595482 9
2 -2.05439747694131380 3.57730545452604565 -1.00000000000000000 0.00000000000000002 -0.00000000000000002 -1.00000000000000000 3.99916160471039861
7 0 0  7 8 2  1.46744613971372750 -1.40250486415577513  1.53261956858899073 -1.39960967736641217  1.59519065264527171 -1.39588922085562217  1.65445654902282513 -1.39140302209352740  1.71001626115958061 -1.38622944861276665  1.76182134480126251 -1.38044965288224830  1.80997820104131391 -1.37413721648352682  1.85468547931875705 -1.36735761283437163 
 1.61402987441890655 8 1.69317945851229279 8
2 -0.33932574683559580 3.59998629013846561 -1.00000000000000000 0.00000000000000000 -0.00000000000000000 -1.00000000000000000 3.99531131232129910
7 0 0  7 8 2  1.28690717427102630 -1.36735761283437096  1.33161445254846900 -1.37413721648352616  1.37977130878806520 -1.38044965288213461  1.43157639243088397 -1.38622944861299402  1.48713610456616152 -1.39140302209375477  1.54640200094473812 -1.39588922085556533  1.60897308500079039 -1.39960967736641217  1.67414651387605362 -1.40250486415577535 
 1.44841319507749855 8 1.52756277917088479 8
2 0.33932574683560340 3.59998629013846561 -1.00000000000000000 -0.00000000000000001 0.00000000000000001 -1.00000000000000000 3.99531131232129910
7 0 0  8 16 3  0.96898087034210534 -1.14114305765768531  0.98026740336644658 -1.15814889444121105  0.99252822093306126 -1.17509766272520766  1.00591436939388146 -1.19198028271076595  1.02061209812387688 -1.20878554172270469  1.03685900133113762 -1.22549891377328635  1.05496079983128377 -1.24210159586735003  1.07532858035350021 -1.25856794438929720  1.12178403953749406 -1.29115104543544446  1.14787127959152713 -1.30726780485883864  1.17741649782237801 -1.32317116253852873  1.21118117966852878 -1.33881003703754686  1.25025175548307743 -1.35411248213586077  1.29598786254541665 -1.36897809012884863  1.35058097151245526 -1.38325011692038280  1.41673705159430385 -1.39666390433713983 
 1.15576533663383652 9 1.29694501346828650 7 1.43812469030273671 9
2 2.05439747694132002 3.57730545452604520 -1.00000000000000000 -0.00000000000000001 0.00000000000000001 -1.00000000000000000 3.99916160471039905
1 6.28318530717958978 -1.22653652744618702 -1.00000000000000000 0.00000000000000000 
1 6.28318530717958623 0.75424525972125989 -1.00000000000000000 0.00000000000000000 
7 0 0  8 16 3  0.15405927520058554 -1.39666390433713894  0.22021535528243430 -1.38325011692038213  0.27480846424884930 -1.36897809013009919  0.32054457130902847 -1.35411248213677027  0.35961514712380449 -1.33881003704027535  0.39337982897086476 -1.32317116253761924  0.42292504720205670 -1.30726780485974814  0.44901228725739706 -1.29115104543544423  0.49546774644139130 -1.25856794438929720  0.51583552696355439 -1.24210159586747770  0.53393732546383355 -1.22549891377292397  0.55018422867112804 -1.20878554172270469  0.56488195740106661 -1.19198028271114964  0.57826810586187305 -1.17509766272512239  0.59052892342844610 -1.15814889444121105  0.60181545645278745 -1.14114305765768531 
 1.70346796328705641 9 1.84464764012150662 7 1.98582731695595638 9
2 -2.05439747694131913 3.57730545452604565 -1.00000000000000000 0.00000000000000000 -0.00000000000000000 -1.00000000000000000 3.99916160471039861
7 0 0  6 7 2  0.00000000000000016 -1.39685045538135566  0.05455920692067179 -1.39327483812034147  0.10644215075894969 -1.38908479038843780  0.15531923775649048 -1.38433714978350508  0.20111470317277025 -1.37909571738691739  0.24392006025814122 -1.37341869761113800  0.28388915252386415 -1.36735761283437052 
 1.63252707096929583 7 1.69317945851229412 7
2 -0.33932574683560102 3.59998629013846605 -1.00000000000000000 0.00000000000000001 -0.00000000000000001 -1.00000000000000000 3.99531131232129910
1 6.28318530717958623 -1.57079632679489567 0.00000000000000000 1.00000000000000000 
1 0.00000000000000000 -1.57079632679489567 0.00000000000000000 1.00000000000000000 
1 0.00000000000000000 -0.89566479385786590 1.00000000000000000 0.00000000000000000 
1 0.00000000000000000 0.00000000000000000 1.00000000000000000 0.00000000000000000 
1 1.30019618834762629 -1.56755237782529244 0.07984811904617735 0.99680704145024357 
1 -0.17792145438031309 -1.57109251156532248 0.04338992808726855 0.99905821358946945 
8 -0.89929404555657244 -0.39639237397455579
7 0 0  6 7 2  5.89201910023758924 -0.00000000000000061  5.94804060446064842 0.04139436112575050  6.00793168328783622 0.07697346511514258  6.07167937240149058 0.10726074031378019  6.13912111162625251 0.13265716807061700  6.20983756453702451 0.15346287355427235  6.28318530717958623 0.16988550760335547 
 -0.89929404555657244 7 -0.39639237397455579 7
8 -0.89929404555657244 -0.39639237397455579
5 0.33932574683559957 1.55720880974659881 0.00000000000000001 -1.00000000000000000 1.00000000000000000 0.00000000000000001 0.22757304843844506 0.42442080261617204
1 -0.04145374875915136 -1.57109251156532226 -0.04338992808726855 0.99905821358946945 
1 0.04145374875915136 -1.57109251156532226 0.04338992808726855 0.99905821358946945 
8 -2.86943085102470929 -1.83522124655798935
7 0 0  7 8 2  5.72417026047746091 0.00000000000000010  5.74024982947814788 0.54342739256681349  5.75902654998367325 0.99258037737797622  5.78102406252219225 1.36683280789975470  5.80688513511995552 1.68052157817191983  5.83738511404430938 1.94465396655266431  5.87347911574361703 2.16779295231253499  5.91618601003513955 2.35667355271703860 
 -2.86943085102470929 8 -1.83522124655798935 8
8 -2.86943085102470929 -1.83522124655798935
5 2.05439747694131691 2.43753892563369057 -0.00000000000000001 -1.00000000000000000 1.00000000000000000 -0.00000000000000001 0.37630031470322667 0.18355287391060626
8 -1.48544941538735742 -0.82859989042079751
7 0 0  6 7 2  5.91618601003513866 -0.00000000000000071  5.96230236220324361 0.06957666068513330  6.01377271945972325 0.12902543558226753  6.07117534201177023 0.17984706789188820  6.13505747042654548 0.22317912064447931  6.20578654545143404 0.25989993813523488  6.28318530717958623 0.29067319441124523 
 -1.48544941538735742 7 -0.82859989042079751 7
8 -1.48544941538735742 -0.82859989042079751
5 2.05439747694131736 1.56049883350360208 -0.00000000000000001 -1.00000000000000000 1.00000000000000000 -0.00000000000000001 0.14301370115250980 0.26749399227993120
1 0.00000000000000000 2.35667355271703860 1.00000000000000000 0.00000000000000000 
1 0.00000000000000000 0.00000000000000000 1.00000000000000000 0.00000000000000000 
8 1.83522124655798602 2.86943085102470752
7 0 0  7 8 2  5.07938827752913546 2.35667355271704038  5.12209517182065799 2.16779295231253677  5.15818917352112294 1.94465396655243694  5.18868915244001983 1.68052157817226089  5.21455022504505905 1.36683280790020945  5.23654773757971270 0.99258037737791938  5.25532445808612803 0.54342739256681316  5.27140402708681499 -0.00000000000000109 
 1.83522124655798602 8 2.86943085102470752 8
8 1.83522124655798602 2.86943085102470752
5 -2.05439747694131603 2.43753892563369057 0.00000000000000001 -1.00000000000000000 1.00000000000000000 0.00000000000000001 0.37630031470322739 0.18355287391060662
1 0.17792145438031259 -1.57109251156532226 -0.04338992808726855 0.99905821358946945 
1 -1.30019618834762629 -1.56755237782529244 -0.07984811904617735 0.99680704145024357 
8 0.66959751403357692 1.48544941538735809
7 0 0  7 8 2  4.59418979057848453 0.33031848110535905  4.68499174861118828 0.30483745806041085  4.76885243730157526 0.27343083421477843  4.84510534335140619 0.23553322909515373  4.91376253865792023 0.19038219684185265  4.97529529344615185 0.13698630884275786  5.03029143113941934 0.07407339178769580  5.07938827752913724 -0.00000000000000271 
 0.66959751403357692 8 1.48544941538735809 8
8 0.66959751403357692 1.48544941538735809
5 -2.05439747694131603 1.56049883350360141 0.00000000000000001 -1.00000000000000000 1.00000000000000000 0.00000000000000001 0.14301370115251008 0.26749399227993170
8 0.29227213507561023 0.89929404555657655
7 0 0  6 7 2  4.61970170577453043 0.18750237987165411  4.71116879384344056 0.17305870871423454  4.79965480691458879 0.15244552594679828  4.88380584722494859 0.12539679695507111  4.96267670721260856 0.09145672117530346  5.03593504915032852 0.04996460658928927  5.10355518732668934 -0.00000000000000239 
 0.29227213507561023 7 0.89929404555657655 7
8 0.29227213507561023 0.89929404555657655
5 -0.33932574683559957 1.55720880974659925 -0.00000000000000001 -1.00000000000000000 1.00000000000000000 -0.00000000000000001 0.22757304843844506 0.42442080261617204
8 -0.89929404555657599 -0.29227213507560990
7 0 0  6 7 2  4.32122277344269001 -0.00000000000000219  4.38884291161905082 0.04996460658928944  4.46210125355668197 0.09145672117530257  4.54097211354405772 0.12539679695507289  4.62512315385470174 0.15244552594679739  4.71360916692593879 0.17305870871423440  4.80507625499484892 0.18750237987165394 
 -0.89929404555657599 7 -0.29227213507560990 7
8 -0.89929404555657599 -0.29227213507560990
5 0.33932574683559957 1.55720880974659925 0.00000000000000001 -1.00000000000000000 1.00000000000000000 0.00000000000000001 0.22757304843844511 0.42442080261617215
8 -2.86943085102470974 -1.83522124655798913
7 0 0  7 8 2  4.15337393368256436 -0.00000000000000119  4.16945350268325132 0.54342739256681261  4.18823022318929361 0.99258037737814675  4.21022773572758524 1.36683280789907258  4.23608880832625800 1.68052157817260195  4.26658878724902024 1.94465396655249378  4.30268278894871958 2.16779295231253544  4.34538968324024211 2.35667355271703904 
 -2.86943085102470974 8 -1.83522124655798913 8
8 -2.86943085102470974 -1.83522124655798913
5 2.05439747694131691 2.43753892563369057 -0.00000000000000001 -1.00000000000000000 1.00000000000000000 -0.00000000000000001 0.37630031470322667 0.18355287391060626
8 -1.48544941538736053 -0.66959751403357914
7 0 0  7 8 2  4.34538968324024033 -0.00000000000000270  4.39448652962995823 0.07407339178769591  4.44948266732239972 0.13698630884273655  4.51101542211472406 0.19038219684199476  4.57967261741396214 0.23553322909504004  4.65592552346879529 0.27343083421479264  4.73978621215818841 0.30483745806041124  4.83058817019089215 0.33031848110535950 
 -1.48544941538736053 8 -0.66959751403357914 8
8 -1.48544941538736053 -0.66959751403357914
5 2.05439747694131691 1.56049883350360208 -0.00000000000000001 -1.00000000000000000 1.00000000000000000 -0.00000000000000001 0.14301370115250980 0.26749399227993120
8 1.83522124655798691 2.86943085102470752
7 0 0  7 8 2  3.50859195073423935 2.35667355271703949  3.55129884502576187 2.16779295231253588  3.58739284672446956 1.94465396655232325  3.61789282565086978 1.68052157817203351  3.64375389824590457 1.36683280789952732  3.66575141078612887 0.99258037737797622  3.68452813129123102 0.54342739256681249  3.70060770029191843 -0.00000000000000129 
 1.83522124655798691 8 2.86943085102470752 8
8 1.83522124655798691 2.86943085102470752
5 -2.05439747694131691 2.43753892563369057 -0.00000000000000001 -1.00000000000000000 1.00000000000000000 -0.00000000000000001 0.37630031470322739 0.18355287391060662
8 0.66959751403357648 1.48544941538735742
7 0 0  7 8 2  3.02339346378358798 0.33031848110535922  3.11419542181629172 0.30483745806041102  3.19805611050674088 0.27343083421480685  3.27430901655588968 0.23553322909501162  3.34296621186240372 0.19038219684199476  3.40449896665131746 0.13698630884272944  3.45949510434452234 0.07407339178769615  3.50859195073424024 -0.00000000000000231 
 0.66959751403357648 8 1.48544941538735742 8
8 0.66959751403357648 1.48544941538735742
5 -2.05439747694131647 1.56049883350360141 -0.00000000000000001 -1.00000000000000000 1.00000000000000000 -0.00000000000000001 0.14301370115251008 0.26749399227993170
8 0.29227213507561012 0.89929404555657555
7 0 0  6 7 2  3.04890537897963387 0.18750237987165386  3.14037246704854400 0.17305870871423432  3.22885848011975440 0.15244552594679917  3.31300952042994368 0.12539679695507111  3.39188038041780260 0.09145672117530257  3.46513872235543197 0.04996460658928942  3.53275886053179233 -0.00000000000000210 
 0.29227213507561012 7 0.89929404555657555 7
8 0.29227213507561012 0.89929404555657555
5 -0.33932574683559957 1.55720880974659881 -0.00000000000000001 -1.00000000000000000 1.00000000000000000 -0.00000000000000001 0.22757304843844506 0.42442080261617204
8 -0.89929404555657555 -0.29227213507561001
7 0 0  6 7 2  2.75042644664779390 -0.00000000000000180  2.81804658482415427 0.04996460658928976  2.89130492676176232 0.09145672117530346  2.97017578674945071 0.12539679695507466  3.05432682705983893 0.15244552594680094  3.14281284013104178 0.17305870871423457  3.23427992819995191 0.18750237987165411 
 -0.89929404555657555 7 -0.29227213507561001 7
8 -0.89929404555657555 -0.29227213507561001
5 0.33932574683559957 1.55720880974659925 -0.00000000000000001 -1.00000000000000000 1.00000000000000000 -0.00000000000000001 0.22757304843844506 0.42442080261617204
8 -2.86943085102470929 -1.83522124655798913
7 0 0  7 8 2  2.58257760688766735 -0.00000000000000060  2.59865717588835476 0.54342739256681294  2.61743389639400448 0.99258037737814675  2.63943140893366035 1.36683280790020945  2.66529248153119624 1.68052157817260195  2.69579246045464060 1.94465396655243694  2.73188646215382347 2.16779295231253499  2.77459335644534599 2.35667355271703860 
 -2.86943085102470929 8 -1.83522124655798913 8
8 -2.86943085102470929 -1.83522124655798913
5 2.05439747694131691 2.43753892563369012 0.00000000000000001 -1.00000000000000000 1.00000000000000000 0.00000000000000001 0.37630031470322667 0.18355287391060626
8 -1.48544941538735942 -0.66959751403357803
7 0 0  7 8 2  2.77459335644534510 -0.00000000000000231  2.82369020283506256 0.07407339178769617  2.87868634052699690 0.13698630884270102  2.94021909532034442 0.19038219684199476  3.00887629062026463 0.23553322909501162  3.08512919667407459 0.27343083421479975  3.16898988536329318 0.30483745806041124  3.25979184339599692 0.33031848110535944 
 -1.48544941538735942 8 -0.66959751403357803 8
8 -1.48544941538735942 -0.66959751403357803
5 2.05439747694131691 1.56049883350360163 0.00000000000000001 -1.00000000000000000 1.00000000000000000 0.00000000000000001 0.14301370115250980 0.26749399227993120
8 1.83522124655798713 2.86943085102470707
7 0 0  7 8 2  1.93779562393934301 2.35667355271703904  1.98050251823086576 2.16779295231253544  2.01659651993048783 1.94465396655243694  2.04709649885330691 1.68052157817282932  2.07295757145175230 1.36683280789975470  2.09495508399038499 0.99258037737803306  2.11373180449633447 0.54342739256681349  2.12981137349702188 0.00000000000000020 
 1.83522124655798713 8 2.86943085102470707 8
8 1.83522124655798713 2.86943085102470707
5 -2.05439747694131691 2.43753892563369057 -0.00000000000000001 -1.00000000000000000 1.00000000000000000 -0.00000000000000001 0.37630031470322739 0.18355287391060662
8 0.66959751403357648 1.48544941538735631
7 0 0  7 8 2  1.45259713698869142 0.33031848110535922  1.54339909502139516 0.30483745806041107  1.62725978371150859 0.27343083421481396  1.70351268976241954 0.23553322909498320  1.77216988506734197 0.19038219684205160  1.83370263985676729 0.13698630884274365  1.88869877754962556 0.07407339178769660  1.93779562393934324 -0.00000000000000162 
 0.66959751403357648 8 1.48544941538735631 8
8 0.66959751403357648 1.48544941538735631
5 -2.05439747694131647 1.56049883350360141 -0.00000000000000001 -1.00000000000000000 1.00000000000000000 -0.00000000000000001 0.14301370115251008 0.26749399227993170
8 0.29227213507561012 0.89929404555657355
7 0 0  6 7 2  1.47810905218473732 0.18750237987165386  1.56957614025364722 0.17305870871423437  1.65806215332477791 0.15244552594680005  1.74221319363522298 0.12539679695507111  1.82108405362285453 0.09145672117530435  1.89434239556053430 0.04996460658929002  1.96196253373689444 -0.00000000000000121 
 0.29227213507561012 7 0.89929404555657355 7
8 0.29227213507561012 0.89929404555657355
5 -0.33932574683559957 1.55720880974659881 -0.00000000000000001 -1.00000000000000000 1.00000000000000000 -0.00000000000000001 0.22757304843844506 0.42442080261617204
8 -0.89929404555657355 -0.29227213507561001
7 0 0  6 7 2  1.17963011985289845 -0.00000000000000090  1.24725025802925860 0.04996460658929034  1.32050859996689951 0.09145672117529902  1.39937945995450264 0.12539679695507822  1.48353050026496192 0.15244552594679561  1.57201651333614589 0.17305870871423457  1.66348360140505580 0.18750237987165405 
 -0.89929404555657355 7 -0.29227213507561001 7
8 -0.89929404555657355 -0.29227213507561001
5 0.33932574683559957 1.55720880974659925 -0.00000000000000001 -1.00000000000000000 1.00000000000000000 -0.00000000000000001 0.22757304843844506 0.42442080261617204
8 -2.86943085102470929 -1.83522124655798957
7 0 0  7 8 2  1.01178128009277080 -0.00000000000000050  1.02786084909345821 0.54342739256681283  1.04663756959908483 0.99258037737780569  1.06863508213780278 1.36683280790089157  1.09449615473590711 1.68052157817169245  1.12499613365963569 1.94465396655277800  1.16109013535892691 2.16779295231253410  1.20379702965044943 2.35667355271703771 
 -2.86943085102470929 8 -1.83522124655798957 8
8 -2.86943085102470929 -1.83522124655798957
5 2.05439747694131691 2.43753892563368968 0.00000000000000001 -1.00000000000000000 1.00000000000000000 0.00000000000000001 0.37630031470322667 0.18355287391060626
8 -1.48544941538735809 -0.66959751403357803
7 0 0  7 8 2  1.20379702965044899 -0.00000000000000142  1.25289387604016667 0.07407339178769685  1.30789001373261726 0.13698630884270102  1.36942276852312261 0.19038219684210844  1.43807996382747660 0.23553322909489793  1.51433286987827387 0.27343083421484948  1.59819355856839684 0.30483745806041129  1.68899551660110037 0.33031848110535944 
 -1.48544941538735809 8 -0.66959751403357803 8
8 -1.48544941538735809 -0.66959751403357803
5 2.05439747694131691 1.56049883350360163 0.00000000000000001 -1.00000000000000000 1.00000000000000000 0.00000000000000001 0.14301370115250980 0.26749399227993120
8 1.83522124655798757 2.86943085102470707
7 0 0  7 8 2  0.36699929714444657 2.35667355271703860  0.40970619143596920 2.16779295231253499  0.44580019313555397 1.94465396655266431  0.47630017205813147 1.68052157817191983  0.50216124465737266 1.36683280790020945  0.52415875719563587 0.99258037737797622  0.54293547770143813 0.54342739256681338  0.55901504670212554 0.00000000000000030 
 1.83522124655798757 8 2.86943085102470707 8
8 1.83522124655798757 2.86943085102470707
5 -2.05439747694131647 2.43753892563369057 0.00000000000000001 -1.00000000000000000 1.00000000000000000 0.00000000000000001 0.37630031470322739 0.18355287391060662
8 0.82859989042079674 1.48544941538735475
7 0 0  6 7 2  0.00000000000000000 0.29067319441124484  0.07739876172815219 0.25989993813523454  0.14812783675299812 0.22317912064446510  0.21200996516765969 0.17984706789190597  0.26941258771987719 0.12902543558224444  0.32088294497633996 0.06957666068513570  0.36699929714444490 0.00000000000000198 
 0.82859989042079674 7 1.48544941538735475 7
8 0.82859989042079674 1.48544941538735475
5 -2.05439747694131647 1.56049883350360230 0.00000000000000001 -1.00000000000000000 1.00000000000000000 0.00000000000000001 0.14301370115251008 0.26749399227993170
8 0.39639237397455557 0.89929404555657211
7 0 0  6 7 2  0.00000000000000006 0.16988550760335552  0.07334774264256151 0.15346287355427241  0.14406419555339767 0.13265716807061700  0.21150593477785051 0.10726074031378019  0.27525362389187613 0.07697346511514347  0.33514470271893809 0.04139436112575075  0.39116620694199683 -0.00000000000000031 
 0.39639237397455557 7 0.89929404555657211 7
8 0.39639237397455557 0.89929404555657211
5 -0.33932574683559957 1.55720880974659881 -0.00000000000000001 -1.00000000000000000 1.00000000000000000 -0.00000000000000001 0.22757304843844506 0.42442080261617204
1 0.00000000000000000 1.22249899919919880 1.00000000000000000 0.00000000000000000 
2 0.00000000000000000 0.00000000000000000 1.00000000000000000 0.00000000000000000 -0.00000000000000000 1.00000000000000000 2.50000000000000000
1 6.28318530717958623 0.00000000000000000 0.00000000000000000 1.00000000000000000 
1 0.00000000000000000 0.00000000000000000 0.00000000000000000 1.00000000000000000 
1 6.28318530717958623 0.00000000000000000 0.00000000000000000 1.00000000000000000 
1 0.00000000000000000 0.00000000000000000 0.00000000000000000 1.00000000000000000 
1 0.00000000000000000 0.71918198218753981 1.00000000000000000 0.00000000000000000 
2 0.00000000000000000 0.00000000000000000 1.00000000000000000 0.00000000000000000 -0.00000000000000000 1.00000000000000000 1.35000000000000009
1 0.00000000000000000 1.57079632679489656 1.00000000000000000 0.00000000000000000 
1 0.00000000000000000 3.14159265358979134 1.00000000000000000 0.00000000000000000 
1 0.00000000000000000 0.00000000000000000 1.00000000000000000 0.00000000000000000 
1 6.28318530717958623 1.57079632679489656 0.00000000000000000 1.00000000000000000 
1 0.00000000000000000 1.57079632679489656 0.00000000000000000 1.00000000000000000 
1 0.00000000000000000 13.90000000000000036 1.00000000000000000 0.00000000000000000 
2 0.00000000000000000 0.00000000000000000 1.00000000000000000 0.00000000000000000 -0.00000000000000000 1.00000000000000000 1.25000000000000000
1 6.28318530717958623 0.00000000000000000 0.00000000000000000 1.00000000000000000 
1 0.00000000000000000 0.00000000000000000 0.00000000000000000 1.00000000000000000 
Curves 58
2 0.17975028259641349 0.06848535570836023 -1.92207055952078565 -0.92838099266315743 -0.35371573049579219 0.11399085253474844 0.35603644751757879 -0.93447206915940639 0.00000000000000000 0.10652126783339114 0.04058489818597203 0.99348179929901148 3.99531131232129910
2 0.06160243664688439 0.05342647015630076 -1.90756382813424863 -0.75223102335945391 -0.65239380952615955 0.09236235590073308 0.65519446330917686 -0.75546026715440151 -0.00000000000000001 0.06977609006377772 0.06051530420435199 0.99572546176768340 3.99916160471039861
2 0.00000000000001037 0.00000000000000000 1.86530211271287039 -0.00000000000000383 0.00000000000000000 -1.00000000000000000 1.00000000000000000 0.00000000000000000 -0.00000000000000383 0.00000000000000000 -1.00000000000000000 -0.00000000000000000 1.35000000000000031
2 -0.05342647015630137 -0.06160243664688445 -1.90756382813424819 0.65239380952615988 0.75223102335945380 0.09236235590073309 -0.75546026715440140 0.65519446330917719 -0.00000000000000001 -0.06051530420435203 -0.06977609006377770 0.99572546176768340 3.99916160471039905
2 -0.06848535570836248 -0.17975028259641265 -1.92207055952078498 0.35371573049579241 0.92838099266315721 0.11399085253474842 -0.93447206915940628 0.35603644751757901 0.00000000000000000 -0.04058489818597204 -0.10652126783339111 0.99348179929901148 3.99531131232129910
2 0.06848535570835534 -0.17975028259641548 -1.92207055952078543 -0.35371573049579202 0.92838099266315743 0.11399085253474842 -0.93447206915940639 -0.35603644751757862 -0.00000000000000001 0.04058489818597199 -0.10652126783339112 0.99348179929901148 3.99531131232129910
2 0.05342647015629642 -0.06160243664688814 -1.90756382813424863 -0.65239380952615944 0.75223102335945413 0.09236235590073309 -0.75546026715440173 -0.65519446330917674 -0.00000000000000001 0.06051530420435198 -0.06977609006377777 0.99572546176768351 3.99916160471039861
2 0.00000000000001037 0.00000000000000000 1.86530211271287039 -0.00000000000000383 0.00000000000000000 -1.00000000000000000 1.00000000000000000 0.00000000000000000 -0.00000000000000383 0.00000000000000000 -1.00000000000000000 -0.00000000000000000 1.35000000000000031
2 -0.06160243664688819 0.05342647015629703 -1.90756382813424819 0.75223102335945391 -0.65239380952615977 0.09236235590073311 0.65519446330917686 0.75546026715440140 0.00000000000000000 -0.06977609006377773 0.06051530420435201 0.99572546176768340 3.99916160471039905
2 -0.17975028259641457 0.06848535570835758 -1.92207055952078476 0.92838099266315732 -0.35371573049579230 0.11399085253474843 0.35603644751757890 0.93447206915940639 0.00000000000000001 -0.10652126783339114 0.04058489818597202 0.99348179929901148 3.99531131232129955
2 -0.17975028259641457 -0.06848535570835754 -1.92207055952078476 0.92838099266315743 0.35371573049579214 0.11399085253474844 -0.35603644751757874 0.93447206915940639 0.00000000000000000 -0.10652126783339114 -0.04058489818597202 0.99348179929901148 3.99531131232129955
2 -0.06160243664688791 -0.05342647015629676 -1.90756382813424819 0.75223102335945413 0.65239380952615955 0.09236235590073312 -0.65519446330917663 0.75546026715440162 0.00000000000000001 -0.06977609006377776 -0.06051530420435201 0.99572546176768340 3.99916160471039905
2 0.00000000000001037 0.00000000000000000 1.86530211271287039 -0.00000000000000383 0.00000000000000000 -1.00000000000000000 1.00000000000000000 0.00000000000000000 -0.00000000000000383 0.00000000000000000 -1.00000000000000000 -0.00000000000000000 1.35000000000000031
2 0.05342647015629669 0.06160243664688841 -1.90756382813424863 -0.65239380952615977 -0.75223102335945391 0.09236235590073311 0.75546026715440140 -0.65519446330917686 0.00000000000000000 0.06051530420435201 0.06977609006377773 0.99572546176768340 3.99916160471039861
2 0.06848535570835537 0.17975028259641537 -1.92207055952078543 -0.35371573049579230 -0.92838099266315732 0.11399085253474843 0.93447206915940639 -0.35603644751757890 0.00000000000000001 0.04058489818597202 0.10652126783339114 0.99348179929901148 3.99531131232129910
2 -0.06848535570836241 0.17975028259641268 -1.92207055952078498 0.35371573049579214 -0.92838099266315743 0.11399085253474844 0.93447206915940639 0.35603644751757874 0.00000000000000000 -0.04058489818597202 0.10652126783339114 0.99348179929901148 3.99531131232129910
2 -0.05342647015630109 0.06160243664688417 -1.90756382813424819 0.65239380952615955 -0.75223102335945413 0.09236235590073312 0.75546026715440162 0.65519446330917663 0.00000000000000001 -0.06051530420435201 0.06977609006377776 0.99572546176768340 3.99916160471039905
2 0.00000000000001037 0.00000000000000000 1.86530211271287039 -0.00000000000000383 0.00000000000000000 -1.00000000000000000 1.00000000000000000 0.00000000000000000 -0.00000000000000383 0.00000000000000000 -1.00000000000000000 -0.00000000000000000 1.35000000000000031
2 0.06160243664688468 -0.05342647015630101 -1.90756382813424863 -0.75223102335945391 0.65239380952615955 0.09236235590073308 -0.65519446330917686 -0.75546026715440151 0.00000000000000001 0.06977609006377772 -0.06051530420435199 0.99572546176768340 3.99916160471039861
2 0.17975028259641349 -0.06848535570836023 -1.92207055952078565 -0.92838099266315743 0.35371573049579219 0.11399085253474844 -0.35603644751757879 -0.93447206915940639 0.00000000000000000 0.10652126783339114 -0.04058489818597203 0.99348179929901148 3.99531131232129910
2 -0.00000000000000405 0.00000000000000000 -1.90000000000001146 0.00000000000000000 1.00000000000000000 0.00000000000000000 0.00000000000000101 -0.00000000000000000 1.00000000000000000 1.00000000000000000 0.00000000000000000 -0.00000000000000101 4.00000000000001155
2 0.00000000000000000 0.00000000000000000 1.22249899919919880 0.00000000000000000 0.00000000000000000 1.00000000000000000 1.00000000000000000 0.00000000000000000 -0.00000000000000000 -0.00000000000000000 1.00000000000000000 0.00000000000000000 2.50000000000000044
1 0.91473900862959812 -0.20500000000000052 1.35000000000000053 -0.12186934340514745 0.00000000000000000 -0.99254615164132209 
5 0.39734952970925597 0.15139127176665926 -1.75791042544644194 -0.92838099266315732 -0.35371573049579219 0.11399085253474844 0.10652126783339114 0.04058489818597202 0.99348179929901148 -0.35603644751757879 0.93447206915940639 0.00000000000000000 0.22757304843844506 0.42442080261617204
1 0.83663344063037615 0.00000000000000000 1.35000000000000031 -0.12186934340514745 0.00000000000000000 -0.99254615164132209 
5 0.14113088861855849 0.12239978837415803 -2.63797138755842786 -0.75223102335945402 -0.65239380952615966 0.09236235590073308 0.06977609006377772 0.06051530420435199 0.99572546176768340 -0.65519446330917697 0.75546026715440162 -0.00000000000000001 0.37630031470322667 0.18355287391060626
5 0.20232731707657139 0.17547413634882317 -1.76468023683342423 -0.75223102335945402 -0.65239380952615966 0.09236235590073308 0.06977609006377772 0.06051530420435199 0.99572546176768340 -0.65519446330917697 0.75546026715440162 -0.00000000000000001 0.14301370115250980 0.26749399227993120
2 0.00000000000000000 0.00000000000000000 -1.43406814140519945 0.00000000000000000 0.00000000000000000 1.00000000000000000 1.00000000000000000 0.00000000000000000 -0.00000000000000000 -0.00000000000000000 1.00000000000000000 0.00000000000000000 0.63500000000000001
5 -0.12239978837415826 -0.14113088861855869 -2.63797138755842786 0.65239380952615988 0.75223102335945380 0.09236235590073309 -0.06051530420435201 -0.06977609006377770 0.99572546176768340 0.75546026715440140 -0.65519446330917719 0.00000000000000000 0.37630031470322739 0.18355287391060662
1 0.91473900862959812 0.20499999999999999 1.35000000000000031 -0.12186934340514745 0.00000000000000000 -0.99254615164132209 
5 -0.17547413634882353 -0.20232731707657170 -1.76468023683342379 0.65239380952615988 0.75223102335945380 0.09236235590073309 -0.06051530420435201 -0.06977609006377770 0.99572546176768340 0.75546026715440140 -0.65519446330917719 0.00000000000000000 0.14301370115251008 0.26749399227993170
5 -0.15139127176665937 -0.39734952970925591 -1.75791042544644238 0.35371573049579241 0.92838099266315721 0.11399085253474842 -0.04058489818597204 -0.10652126783339111 0.99348179929901148 0.93447206915940628 -0.35603644751757901 0.00000000000000000 0.22757304843844506 0.42442080261617204
5 0.15139127176665917 -0.39734952970925613 -1.75791042544644238 -0.35371573049579197 0.92838099266315743 0.11399085253474843 0.04058489818597199 -0.10652126783339114 0.99348179929901148 0.93447206915940650 0.35603644751757857 0.00000000000000000 0.22757304843844511 0.42442080261617215
